393382494
393383366
393738646
393739793
394074637
394075771
394418671
394419799
394774485
394775305
395122596
395123644
395466368
395467181
395814542
395815661
396152979
396153131
396506653
396507869
396858450
396859284
397198685
397199965
397558275
397558973
397893861
397894520
398250199
398250939
398586456
398587540
398954408
398955198
399306386
399307424
399658700
399659734
400002636
400003824
400354216
400355117
400697106
400697284
401042612
401043737
401390312
401391219
401738838
401739912
402086161
402087057
402421943
402422686
402774035
402774852
403122530
403123368
403474595
403475798
403826477
403827595
404166625
404167790
404510495
404511335
404854603
404855786
405198454
405199471
405550639
405551845
405910556
405911825
406250165
406250947
406594681
406596037
406942274
406943067
407298371
407299331
407650743
407651603
407998621
407999634
408338374
408339173
408701222
408701468
409042081
409042768
409394278
409394857
409754671
409755838
410106455
410107127
410482721
410483840
410834116
410834962
411169129
411169276
411510652
411511594
411854507
411855364
412203025
412204208
412550669
412551834
412894660
412895626
413242535
413243540
413590728
413591893
413950789
413951940
414294426
414295467
414658683
414659880
415018399
415019295
415370674
415371935
415710214
415711145
416050648
416051912
416390573
416391671
416741866
416742586
417090609
417091812
417430261
417431035
417778198
417779289
418130585
418131744
418474650
418475899
418817043
418817196
419178611
419179449
419526555
419527783
419878423
419879614
420222580
420223774
420566097
420566875
420926532
420927415
421278638
421279466
421625054
421625187
421970467
421971272
422334653
422335669
422678644
422679847
423026623
423027751
423390459
423391505
423730619
423731800
424093838
424094948
424458492
424459561
424806706
424807857
425150753
425151928
425494711
425495982
425838745
425840147
426198679
426199910
426542758
426543426
426885098
426885341
427230634
427231622
427578621
427579793
427930760
427932020
428278623
428279804
428630352
428631091
428978634
428979756
429350694
429351842
429690220
429691208
430030458
430031563
430382644
430383833
430721976
430722750
431058531
431059635
431418484
431419197
431770646
431771746
432133095
432133280
432478443
432479257
432822619
432823783
433166444
433167522
433510697
433511894
433882647
433883849
434222673
434223756
434578659
434579712
434922282
434923400
435270576
435271585
435622638
435623781
435966648
435967837
436310624
436311715
436662630
436663812
437002470
437003304
437345116
437345337
437686235
437687135
438030365
438031274
438374471
438375508
438722735
438723882
439086422
439087467
439426442
439427308
439790254
439791010
440130674
440131881
440486468
440487324
440830518
440831289
441175064
441176418
441530695
441531863
441886156
441886995
442246483
442247494
442594393
442595219
442938703
442939890
443290620
443291774
443626504
443627641
443970736
443971927
444318466
444319116
444658722
444659833
445026623
445027822
445374639
445375871
445726662
445728254
446078398
446079511
446422509
446423381
446769391
446769996
447118638
447119787
447466492
447467359
447826671
447827889
448170645
448171957
448518601
448519766
448877312
448877712
449230624
449231667
449566689
449567915
449922717
449923960
450273710
450274337
450626655
450627773
450982470
450983408
451334659
451335819
451690428
451691299
452038573
452039582
452401018
452401240
452750432
452751463
453098631
453099521
453434631
453435805
453774387
453775272
454118711
454119976
454462677
454463827
454818492
454819389
455157249
455157578
455518600
455519841
455866795
455867831
456210666
456211852
456578664
456579782
456942234
456943077
457282662
457283884
457634662
457635797
457994646
457995812
458350627
458351758
458698029
458698444
459042582
459043730
459381643
459382179
459730604
459731712
460074694
460075815
460453178
460453459
460798862
460800096
461134551
461135647
461478287
461479282
461830097
461830938
462162504
462163756
462518672
462519887
462862614
462863859
463226389
463227478
463573568
463574095
463918686
463919956
464266682
464267903
464626459
464627469
464974651
464975444
465334635
465335779
465670715
465671936
466030659
466031726
466370588
466371458
466742665
466743805
467090563
467091622
467434422
467435240
467779260
467780257
468122601
468123825
468470649
468471777
468810687
468811732
469150427
469151250
469510480
469511511
469870642
469871849
470214569
470215651
470549405
470549642
470894761
470895901
471238657
471239876
471586599
471587813
471941950
471942738
472294259
472295146
472670591
472671769
473017361
473017592
473373686
473374268
473717286
473717655
474070473
474071640
474409035
474409258
474765805
474766508
475125813
475126659
475478601
475479962
475813002
475813178
476161606
476162152
476517966
476518771
476862682
476864030
477213518
477214175
477557868
477558582
477898125
477898939
478269589
478270096
478622379
478623461
478966611
478967790
479314766
479316048
479666492
479667388
480002526
480003155
480354033
480354689
480701414
480701848
481047344
481048116
481385630
481386187
481730875
481731562
482078266
482079143
482430660
482432384
482777947
482778544
483157852
483158532
483498311
483499752
483858007
483858824
484213710
484214304
484557751
484558429
484914498
484915669
485261266
485261633
485602608
485603509
485986367
485986743
486349259
486349599
486690679
486691860
487030383
487031441
487382589
487383774
487726195
487726660
488062289
488063249
488422447
488423291
488789463
488789717
489141014
489142354
489486015
489486806
489830308
489831346
490178243
490178687
490529544
490529793
490884991
490885122
491242556
491243316
491589536
491590120
491946548
491947727
492286210
492287121
492634254
492635295
493009344
493009737
493386317
493386775
493736992
493737203
494081743
494082376
494442539
494443766
494809924
494810666
495174522
495175338
495522712
495523876
495878062
495878811
496214440
496215442
496554171
496554897
496902205
496902930
497240986
497241126
497581777
497582393
497930558
497931765
498282639
498283568
498626603
498627805
498993074
498993287
499338704
499339926
499686242
499687165
500030098
500030962
500402774
500404024
500746393
500747348
501090759
501091820
501442328
501442982
501790146
501790888
502126447
502127225
502482182
502482972
502826081
502826794
503174041
503174881
503525522
503525748
503881531
503882130
504250013
504251016
504593916
504594671
504958173
504959094
505306159
505307101
505658089
505659300
506005976
506006738
506346002
506346753
506694821
506695308
507041026
507041169
507398163
507399000
507741140
507741927
508089831
508090537
508450244
508451249
508789535
508789999
509142203
509143105
509506328
509507242
509854461
509855487
510194691
510195887
510550096
510550962
510890770
510891832
511234031
511234717
511574074
511574914
511926604
511927841
512262113
512263004
512614620
512615672
512954736
512956079
513293686
513294303
513642239
513643326
513994448
513995201
514330272
514330975
514693827
514694493
515034485
515035380
515378608
515379843
515749060
515749219
516105428
516105793
516445332
516445705
516802176
516803037
517146752
517147897
517493247
517493540
517834652
517835837
518170594
518171818
518506483
518507534
518858578
518859770
519206665
519207847
519546737
519547453
519907539
519908232
520250463
520251355
520598385
520599412
520946595
520947798
521310586
521311763
521646679
521647846
521994649
521995824
522344990
522345127
522686645
522687818
523026848
523028065
523378375
523379435
523738489
523739325
524098776
524099989
524458621
524459853
524801043
524801266
525142061
525142922
525533002
525533193
525880989
525881157
526222720
526223952
526578554
526579743
526922634
526923453
527266655
527267952
527614627
527615713
527950359
527951521
528306638
528307785
528659830
528661030
529002682
529004009
529358698
529359849
529698506
529699536
530034244
530034945
530374647
530375837
530717272
530717606
531063628
531064466
531406506
531407731
531750285
531751256
532094641
532095512
532450641
532451955
532798333
532799157
533142452
533143514
533494614
533495797
533842494
533843679
534194306
534195104
534546444
534547323
534878325
534879401
535242587
535243796
535582646
535583863
535930575
535931715
536269270
536269504
536614603
536615755
536946578
536947306
537294600
537295800
537642440
537643607
537982717
537983508
538338794
538339989
538682418
538683499
539038895
539040298
539386698
539387870
539738640
539739836
540086435
540087490
540438587
540439654
540781470
540781913
541138708
541139815
541477080
541477307
541830954
541832140
542178719
542179588
542522456
542523512
542870052
542871217
543234604
543235788
543570620
543571748
543922658
543923809
544258522
544259662
544594578
544595783
544949082
544949366
545286445
545287495
545654665
545655839
545995116
545996431
546342695
546343769
546681442
546681839
547030617
547031832
547390612
547391822
547734720
547735955
548081618
548082110
548418684
548419950
548761047
548761201
549118477
549119528
549466446
549467505
549810395
549811513
550162238
550163060
550498455
550499522
550870472
550871552
551210270
551211201
551558683
551559848
551910416
551911288
552270613
552271847
552606648
552607802
552942513
552943578
553274634
553275882
553622622
553623865
553966636
553967902
554330430
554331499
554682845
554683623
555034529
555035717
555378407
555379447
555714790
555716014
556058267
556059246
556406608
556407797
556758416
556759358
557098633
557099871
557446079
557447009
557793898
557794601
558142433
558143478
558494449
558495482
558850346
558851512
559205144
559205399
559557446
559557944
559910700
559911926
560250424
560251482
560605101
560605340
560970996
560972066
561318439
561319498
561681217
561681604
562026457
562027508
562390627
562391838
562729951
562730737
563078329
563079308
563422665
563423886
563778694
563779955
564114734
564115416
564490592
564491445
564826448
564827287
565194644
565195849
565557637
565558297
565917034
565917270
566258659
566259809
566610004
566610803
566950592
566951807
567310265
567311169
567658531
567659547
568006617
568007731
568354576
568355976
568705881
568706622
569046582
569047736
569390437
569391543
569745038
569745212
570090450
570091519
570433112
570433334
570786680
570787849
571126274
571127465
571486715
571487887
571834586
571835758
572185664
572186266
572534575
572535379
572897566
572898044
573238462
573239461
573586556
573587594
573934619
573935519
574278630
574279767
574622545
574623609
574982613
574983680
575317285
575317566
575654378
575655361
576009680
576010154
576358447
576359456
576713941
576714605
577058479
577059283
577398543
577399593
577738427
577739406
578082452
578083454
578430561
578431365
578777379
578777724
579134277
579135038
579490355
579491455
579838594
579839754
580182626
580183884
580517049
580517218
580878543
580879657
581226641
581227758
581570630
581571736
581922642
581923816
582273497
582274525
582614674
582615913
582978072
582978948
583330579
583331766
583682526
583683631
584034414
584035330
584390375
584391436
584734679
584735902
585078521
585079443
585434448
585435272
585785353
585785705
586138648
586139544
586497846
586498906
586838645
586839821
587198582
587199715
587542572
587543730
587886338
587887354
588246451
588247504
588590643
588591866
588958405
588959594
589314652
589315836
589657522
589657993
589993929
589994613
590358379
590359394
590730297
590731224
591087099
591088082
591430943
591431845
591765124
591765300
592122424
592123251
592462646
592463710
592814452
592815430
593150448
593151432
593493993
593494782
593838389
593839416
594186627
594187481
594537802
594538201
594882716
594883961
595230359
595231222
595574474
595575500
595942335
595943037
596282603
596283739
596642712
596644033
596990550
596991617
597334589
597335678
597681877
597682560
598022528
598023596
598391284
598392146
598738458
598739377
599082616
599083641
599437067
599437224
599786104
599787118
600137980
600139107
600490175
600491214
600825452
600825972
601181125
601181333
601522668
601523522
601874671
601876003
602222518
602223397
602578443
602579239
602930648
602931776
603270644
603271609
603618605
603619762
603970600
603971442
604310450
604311462
604662611
604663764
605014617
605015777
605354548
605355599
605705522
605706054
606058994
606059911
606410381
606411200
606754422
606755269
607110658
607111831
607450460
607451499
607810645
607811791
608146591
608147776
608498381
608499431
608846204
608847207
609198377
609199399
609562659
609563889
609918644
609919796
610258627
610259840
610622610
610623764
610974456
610975482
611306322
611307237
611646729
611647894
612002635
612003822
612350636
612351846
612696952
612697114
613038712
613039880
613382635
613383641
613730427
613731495
614098631
614099525
614438648
614439808
614782401
614783448
615130669
615131879
615486350
615487045
615834516
615835371
616170566
616171778
616514400
616515211
616865899
616866802
617214695
617215952
617570665
617571992
617914141
617915047
618262631
618263853
618598286
618599199
618942556
618943529
619290606
619291668
619646440
619647486
619998595
619999452
620362657
620363824
620721047
620721198
621062914
621063739
621398711
621400045
621742589
621743345
622086634
622087838
622426327
622427052
622778452
622779357
623122683
623123876
623470691
623471898
623826373
623827470
624178614
624179683
624518662
624519849
624866657
624867882
625210463
625211532
625553266
625553566
625890710
625891842
626258635
626259808
626614379
626615354
626950630
626951785
627298669
627299822
627650641
627651779
628002617
628003470
628342562
628343553
628689378
628689779
629034637
629035857
629398682
629399965
629741236
629741464
630090457
630091475
630438473
630439585
630798608
630799718
631146685
631147864
631498625
631499813
631845873
631846523
632210557
632211777
632558603
632559516
632910487
632911326
633258645
633259782
633618626
633619873
633966611
633967845
634318703
634319982
634674462
634675673
635010672
635011496
635358591
635359760
635698176
635699158
636059014
636060438
636410561
636411729
636766705
636767915
637110656
637111798
637466640
637467796
637814457
637815181
638162663
638163872
638502655
638503482
638866524
638867345
639222600
639223652
639570087
639570975
639914442
639915295
640266623
640267868
640606387
640607112
640946435
640947453
641298235
641298968
641646613
641647933
642018635
642019795
642366421
642367461
642726446
642727604
643086713
643088021
643434695
643436013
643806637
643807880
644149001
644149092
644498563
644499794
644842245
644843737
645185881
645186662
645530999
645532123
645886495
645887250
646233004
646233226
646586029
646586789
646934293
646935347
647285936
647286652
647657447
647657902
648002597
648003792
648346467
648347584
648697366
648697913
649058355
649059032
649421962
649422725
649774555
649775796
650122578
650123757
650473393
650473857
650822415
650823444
651166901
651167612
651534275
651535236
651870376
651871768
652218642
652219906
652569977
652570785
652922667
652923936
653262596
653263783
653602627
653604067
653945480
653945962
654302696
654303450
654658401
654659331
655002596
655003713
655370456
655371425
655722250
655723215
656082620
656083758
656426633
656427791
656778545
656779727
657118635
657119781
657474007
657474751
657826607
657827815
658166324
658167182
658510664
658511819
658885362
658885739
659258537
659259617
659606614
659607780
659950094
659951036
660306687
660307895
660654458
660655511
660994515
660995366
661342458
661343625
661686487
661687570
662030664
662031789
662378379
662379451
662725745
662726384
663098623
663099540
663438594
663439481
663774670
663775618
664126446
664127524
664462569
664463768
664802667
664803858
665150150
665151011
665498636
665499808
665853062
665853273
666209703
666210195
666558462
666559539
666906602
666907801
667266613
667267929
667622452
667623471
667962144
667963306
668310459
668311539
668654629
668655792
668993796
668994429
669354639
669355573
669702520
669703571
670053241
670053553
670394694
670395464
670746715
670747931
671090660
671091944
671430455
671431630
671798537
671799676
672137503
672137984
672498058
672498877
672842507
672843408
673210329
673211205
673574657
673575889
673914624
673915884
674274685
674275732
674618442
674619305
674957918
674958618
675313837
675314472
675662636
675663591
676002567
676003625
676354431
676355496
676713132
676713296
677062521
677063365
677406378
677407411
677750274
677750982
678094674
678095809
678430221
678430930
678774451
678775506
679130564
679131618
679478637
679479811
679826675
679827876
680170480
680171570
680530595
680531809
680878233
680879177
681209336
681209967
681562685
681563984
681918225
681919183
682270668
682271871
682618521
682619408
682970630
682971477
683318660
683319580
683678245
683679240
684022598
684023847
684381070
684381261
684730702
684731808
685074480
685075472
685414176
685414904
685758373
685759476
686098048
686098954
686466923
686468002
686813626
686814184
687166589
687167725
687526445
687527563
687858646
687859680
688210560
688211572
688562717
688563940
688902671
688903899
689242688
689243760
689578770
689580117
689933452
689933917
690301455
690301876
690673489
690674046
691010591
691011772
691366408
691367494
691718440
691719376
692062671
692063885
692434635
692435912
692778736
692779992
693126493
693127663
693462438
693463580
693818822
693820246
694157608
694158176
694494617
694495779
694834387
694835250
695174647
695175822
695530490
695531631
695870815
695871964
696221597
696222593
696582576
696583415
696938462
696939498
697294647
697295514
697634700
697635967
697990450
697991498
698342292
698343294
698694540
698695614
699042458
699043429
699402242
699403157
699766300
699767188
700106692
700107872
700465698
700466239
700822233
700823494
701170672
701171796
701514661
701515822
701874463
701875278
702230044
702230758
702578642
702579781
702942540
702943715
703274311
703275059
703622694
703623875
703966612
703967796
704310702
704311929
704658667
704659852
705022405
705023475
705358404
705359325
705714568
705715797
706062588
706063653
706410660
706411767
706762369
706763280
707106556
707107672
707454562
707455656
707802417
707803442
708150552
708151375
708510651
708511807
708850616
708851595
709202673
709203874
709566633
709567794
709922416
709923468
710281203
710281546
710645734
710646343
710985932
710986733
711334511
711335375
711697937
711698735
712042459
712043503
712405846
712406524
712757175
712757390
713125746
713126302
713486387
713487360
713838032
713838803
714193311
714193610
714541853
714542573
714917621
714918213
715273594
715274118
715622010
715622622
715981198
715981502
716325647
716326190
716681808
716682175
717029318
717029659
717386171
717387155
717741911
717742591
718094288
718095218
718457250
718457465
718814020
718814599
719181907
719182478
719537561
719538204
719877747
719878428
720241923
720242948
720598141
720598483
720945117
720945442
721294498
721295403
721649385
721649833
722001888
722002554
722353950
722354689
722695385
722696641
723030628
723031909
723374617
723375802
723717068
723717303
724066635
724067806
724414124
724414977
724761006
724761189
725134602
725135909
725486347
725487389
725842412
725843131
726186675
726187898
726551021
726552361
726906426
726907047
727254579
727255672
727598679
727599889
727937645
727938171
728298688
728299908
728650721
728651945
729006554
729007464
729346461
729347327
729702396
729703298
730062000
730062804
730410619
730411766
730746645
730747883
731094629
731095849
731438620
731439542
731782571
731783843
732146709
732147929
732510582
732511948
732862128
732862997
733210606
733211867
733550438
733551598
733902591
733903443
734250601
734251849
734590625
734591776
734942432
734943467
735290647
735291810
735634682
735635933
735986536
735987424
736338429
736339556
736697576
736698455
737042624
737043854
737382664
737383465
737726006
737726790
738066616
738067812
738410377
738411041
738761716
738762255
739126136
739126964
739478687
739479865
739822441
739823580
740182657
740183771
740526587
740527661
740874659
740875816
741234373
741235178
741595030
741596229
741930311
741931217
742274415
742275494
742622373
742623459
742966666
742967829
743310392
743311211
743650708
743651969
743994607
743995445
744342405
744343484
744709013
744709281
745074635
745075890
745410615
745411844
745770608
745771764
746118630
746119909
746466543
746467424
746810494
746811518
747146450
747147162
747490363
747491076
747838691
747839878
748190605
748191792
748530651
748531771
748878720
748879948
749226191
749227030
749581521
749582006
749938530
749939625
750278686
750279937
750626573
750627775
750986482
750987612
751334609
751335417
751686692
751687835
752030429
752031271
752382571
752383773
752725004
752725165
753062153
753062863
753426565
753427768
753766428
753767467
754110669
754111922
754454564
754455777
754802718
754803961
755190409
755191437
755546642
755547873
755894611
755895814
756250371
756251277
756611061
756612318
756950660
756951839
757286741
757288139
757630632
757631838
757990692
757991929
758334415
758335506
758682679
758684054
759022588
759023785
759362668
759364265
759698627
759699768
760046614
760047812
760410706
760411850
760774055
760774830
761126756
761127987
761470641
761471540
761818465
761819524
762150651
762151818
762502606
762503873
762846644
762847887
763194282
763195227
763550644
763551940
763890416
763891301
764238298
764239188
764594521
764595652
764934385
764935460
765286541
765287449
765638398
765639288
765986569
765987779
766325003
766325130
766670383
766671562
767034565
767035825
767382711
767383833
767730195
767731162
768074604
768075811
768426599
768427814
768765636
768766166
769118412
769119446
769466528
769467767
769826666
769827728
770162430
770163336
770514555
770515558
770866663
770867897
771210243
771211133
771562926
771564062
771917578
771918104
772266430
772267493
772614592
772615814
772958182
772959149
773310497
773311392
773654510
773655562
773998580
773999390
774349282
774349593
774690660
774691839
775030413
775031255
775386464
775387591
775742360
775743237
776086626
776087825
776447046
776448276
776786501
776787422
777130672
777131956
777470864
777472156
777813382
777813811
778166330
778167378
778526408
778527541
778874504
778875768
779214842
779215885
779558608
779559810
779902123
779902955
780254617
780255821
780590577
780591768
780958482
780959608
781310667
781311998
781662717
781663674
781998403
781999449
782346154
782347081
782686669
782687921
783058727
783059971
783410412
783411078
783749075
783749316
784098619
784099512
784447071
784448369
784790507
784791353
785146644
785147680
785494420
785495507
785834692
785835960
786174644
786175774
786526785
786527969
786870597
786871823
787230544
787231387
787578711
787579847
787930496
787931365
788286706
788287896
788638159
788639025
788998173
788999179
789346346
789347354
789698659
789699974
790070653
790071889
790430503
790431530
790770579
790771781
791114777
791116053
791462635
791463782
791797545
791798051
792150365
792151249
792510727
792511940
792870607
792871790
793210556
793211664
793562680
793563529
793902695
793904029
794266473
794267556
794622433
794623589
794966102
794966976
795306634
795307867
795650641
795651818
795990424
795991170
796330601
796331768
796697655
796698289
797054640
797055815
797390355
797391387
797737563
797738081
798106602
798107771
798458600
798459764
798802604
798803793
799149159
799149642
799490710
799492078
799830519
799831563
800174159
800175087
800522620
800523865
800878649
800879762
801222302
801223246
801559076
801560297
801914682
801915963
802261403
802261828
802618676
802619812
802970601
802971770
803310575
803311587
803674475
803675279
804014452
804015261
804362627
804364163
804718114
804718990
805066706
805067543
805405327
805405707
805742383
805743426
806094635
806095899
806438603
806439501
806781765
806782366
807138607
807139524
807493905
807494625
807830261
807831260
808190552
808191682
808526641
808527835
808866421
808867122
809206509
809207361
809554591
809555495
809890627
809891820
810238786
810239963
810594559
810595561
810942513
810943381
811286460
811287512
811650439
811651527
812002611
812003752
812346025
812346810
812697757
812698343
813034477
813035508
813390665
813391809
813746417
813747183
814090674
814091887
814426518
814427244
814778777
814780055
815134653
815135904
815482659
815483548
815834702
815835767
816186561
816187399
816550556
816551481
816902604
816903770
817238642
817239851
817582123
817583002
817922655
817923818
818286689
818287871
818629017
818629231
818998579
818999767
819354369
819355393
819706324
819707381
820074326
820075187
820418662
820419863
820762677
820763822
821106639
821107818
821454693
821455846
821818616
821819746
822166552
822167557
822514577
822515666
822866394
822867434
823214133
823214854
823554603
823555809
823914579
823915796
824246682
824247830
824601122
824601273
824938646
824939851
825298468
825299319
825630176
825630874
825966450
825967459
826317264
826317689
826666549
826667812
827010382
827011212
827370483
827371552
827717915
827718328
828082747
828084033
828426371
828427399
828770681
828771942
829110401
829111271
829458576
829459670
829821118
829821338
830165321
830165687
830506590
830507818
830846623
830847832
831202688
831203886
831543039
831544312
831906633
831907837
832250566
832251746
832598678
832599814
832946419
832947497
833306592
833307773
833654634
833655767
833994666
833995903
834342690
834343939
834690435
834691470
835034655
835035191
835382441
835383446
835742486
835743522
836074447
836075605
836421098
836421295
836769911
836770609
837122609
837123792
837458329
837459118
837806595
837807640
838158626
838159740
838494700
838495802
838846420
838847435
839202402
839203254
839541507
839542046
839902621
839903887
840246477
840247598
840602185
840603216
840966224
840966647
841322449
841323531
841681110
841681361
842026571
842027772
842362471
842363337
842713318
842713646
843054616
843055879
843402697
843403634
843754611
843755885
844094492
844095379
844442046
844442829
844786697
844787966
845134687
845135917
845490730
845491932
845818227
845819244
846162694
846163931
846531090
846532288
846861303
846861687
847206473
847207656
847554207
847555215
847890552
847891784
848234393
848235121
848574477
848575250
848930514
848931309
849274683
849276041
849630448
849631200
849990607
849991779
850346580
850347763
850682391
850683112
851022467
851023500
851362656
851363793
851717816
851718543
852057251
852057561
852406692
852407920
852750597
852751772
853098321
853099128
853434695
853435830
853786265
853787237
854134749
854135938
854478588
854479773
854830277
854831402
855171011
855171735
855517765
855518246
855866654
855867824
856218441
856219190
856566003
856567077
856938676
856939854
857289811
857290298
857638720
857639966
857990761
857991972
858350666
858351925
858702565
858702580

