6183573840
6183568420
6183922604
6183918027
6184286236
6184281514
6184634353
6184629595
6185002559
6184997993
6185338396
6185333325
6185689204
6185684028
6186053515
6186048000
6186414361
6186409709
6186758658
6186754026
6187098563
6187093869
6187449563
6187444130
6187794458
6187789856
6188157720
6188152408
6188498127
6188493049
6188834586
6188829801
6189193871
6189188648
6189534556
6189529952
6189894968
6189890566
6190238477
6190233719
6190590606
6190586013
6190942110
6190937120
6191290489
6191285893
6191626151
6191621027
6191981989
6191976854
6192338511
6192333767
6192689387
6192683926
6193046072
6193040842
6193386379
6193381615
6193725835
6193720573
6194070702
6194066038
6194418638
6194414151
6194774289
6194769115
6195118577
6195113851
6195461686
6195456293
6195809388
6195803875
6196154358
6196149069
6196494600
6196490022
6196842225
6196836994
6197194162
6197189326
6197537470
6197532066
6197894350
6197889195
6198246626
6198242078
6198601908
6198596760
6198942572
6198937149
6199294570
6199289915
6199638503
6199633456
6199990335
6199985548
6200342285
6200337498
6200686413
6200681343
6201038589
6201033451
6201394404
6201389629
6201738180
6201732926
6202081473
6202075916
6202434911
6202430179
6202798306
6202793445
6203138399
6203133532
6203478187
6203472870
6203826353
6203821104
6204190274
6204185036
6204526633
6204521939
6204878408
6204873298
6205233429
6205228689
6205598528
6205593889
6205930930
6205926006
6206278297
6206272947
6206630602
6206625835
6206981007
6206975170
6207357397
6207351794
6207709931
6207704946
6208065645
6208060490
6208410311
6208405308
6208749801
6208744714
6209110263
6209104982
6209454615
6209450136
6209814511
6209809990
6210162001
6210157127
6210502294
6210497575
6210854308
6210849578
6211210137
6211204973
6211546296
6211541611
6211894538
6211889923
6212238546
6212234094
6212578334
6212573728
6212934308
6212929680
6213278101
6213273230
6213622147
6213616924
6213990927
6213986189
6214338176
6214333347
6214690513
6214685684
6215030569
6215025936
6215370355
6215365400
6215726569
6215722028
6216062387
6216057263
6216418347
6216413752
6216782411
6216777502
6217137997
6217132808
6217481853
6217476639
6217830066
6217825007
6218185293
6218179658
6218550130
6218545188
6218890576
6218885977
6219250672
6219245800
6219605485
6219600079
6219953821
6219948572
6220305984
6220300497
6220660935
6220655092
6221034470
6221030018
6221382494
6221377901
6221726487
6221721787
6222062332
6222057297
6222430516
6222425460
6222769652
6222764287
6223113942
6223108805
6223462072
6223457071
6223850547
6223845924
6224214349
6224209580
6224561139
6224555122
6224914527
6224909898
6225269755
6225264451
6225642512
6225637583
6225977896
6225972726
6226322400
6226317323
6226674315
6226669216
6227029479
6227023751
6227372962
6227367126
6227718315
6227713429
6228061597
6228056287
6228402258
6228397160
6228750624
6228745554
6229094515
6229089934
6229453241
6229447605
6229805460
6229800124
6230154577
6230149978
6230502200
6230497195
6230846504
6230841763
6231185808
6231180540
6231533079
6231527136
6231889558
6231884188
6232237199
6232231481
6232582552
6232578104
6232942804
6232938293
6233298609
6233294041
6233654310
6233649796
6234002351
6233997777
6234357884
6234352670
6234710635
6234705926
6235062306
6235057419
6235401275
6235395683
6235750512
6235745805
6236093835
6236088603
6236450415
6236445334
6236792869
6236786935
6237169977
6237164804
6237522603
6237518169
6237854061
6237849105
6238222427
6238217883
6238574191
6238569216
6238922597
6238917986
6239260863
6239254947
6239614536
6239609967
6239958316
6239953510
6240314333
6240309602
6240654576
6240650044
6241005545
6241000203
6241358564
6241353963
6241702154
6241697333
6242062725
6242057814
6242405448
6242399956
6242750542
6242746031
6243098305
6243093602
6243466611
6243462124
6243830223
6243825307
6244182589
6244177915
6244534574
6244529881
6244882606
6244877649
6245234295
6245229562
6245582616
6245577692
6245930590
6245925710
6246278848
6246274054
6246622511
6246617986
6246973393
6246967910
6247328873
6247322928
6247678580
6247674083
6248022477
6248017757
6248382567
6248377919
6248722450
6248717875
6249082594
6249078055
6249430245
6249425483
6249790448
6249785688
6250126297
6250121394
6250490501
6250485921
6250858561
6250853598
6251198365
6251193853
6251538543
6251534102
6251878537
6251874021
6252218185
6252213041
6252574513
6252569864
6252938617
6252934133
6253286551
6253281901
6253634556
6253629923
6253989445
6253983948
6254334623
6254329867
6254706373
6254701684
6255070619
6255066094
6255418576
6255413799
6255766316
6255761535
6256118376
6256113304
6256470612
6256466001
6256818738
6256814129
6257158351
6257153173
6257514519
6257509751
6257878379
6257873059
6258230122
6258224845
6258582537
6258577846
6258930592
6258925952
6259286210
6259280961
6259642485
6259637913
6260014648
6260010065
6260354468
6260349681
6260713580
6260708126
6261065483
6261060025
6261414857
6261410130
6261758487
6261753758
6262134459
6262129700
6262490281
6262485488
6262834232
6262829490
6263174503
6263169904
6263522458
6263517906
6263886479
6263881874
6264230442
6264225645
6264586587
6264582006
6264942643
6264938460
6265286036
6265281102
6265626438
6265621733
6265970356
6265965354
6266314565
6266309874
6266678369
6266673571
6267026562
6267022058
6267374191
6267369271
6267718537
6267713950
6268086091
6268081166
6268434145
6268429261
6268785452
6268780435
6269138621
6269133879
6269498254
6269493368
6269834424
6269829221
6270177779
6270172562
6270526559
6270522201
6270873908
6270868882
6271214506
6271209845
6271548814
6271542807
6271898517
6271893334
6272242107
6272236853
6272590630
6272585939
6272930350
6272925633
6273293864
6273288828
6273634355
6273629281
6273981572
6273976188
6274326219
6274320904
6274670344
6274665613
6275030567
6275025907
6275386387
6275381405
6275725912
6275720807
6276078496
6276073561
6276430511
6276425208
6276770537
6276766104
6277122601
6277118080
6277458155
6277453146
6277802412
6277797417
6278162372
6278157264
6278518554
6278513999
6278854448
6278849780
6279198619
6279193868
6279542520
6279537814
6279882350
6279877310
6280238483
6280233913
6280586502
6280581939
6280934542
6280929849
6281286569
6281281840
6281626565
6281622018
6281990577
6281986008
6282338462
6282333398
6282689158
6282683534
6283034260
6283029441
6283374322
6283369519
6283730547
6283725879
6284074516
6284069710
6284410567
6284405982
6284762572
6284757518
6285122539
6285117969
6285462559
6285457903
6285825646
6285820509
6286170477
6286165846
6286522258
6286517104
6286858369
6286853758
6287210369
6287205431
6287546675
6287542173
6287894058
6287889153
6288246598
6288242055
6288586195
6288581149
6288929712
6288924373
6289274412
6289269581
6289630604
6289626015
6289973365
6289967770
6290334430
6290329401
6290674619
6290670061
6291030549
6291025598
6291371011
6291366322
6291722504
6291717668
6292060782
6292054827
6292402186
6292397192
6292766561
6292761957
6293114203
6293109105
6293454541
6293449936
6293822561
6293817953
6294160889
6294154934
6294530347
6294525471
6294862534
6294857725
6295194493
6295189905
6295538578
6295533875
6295878594
6295874046
6296234567
6296229956
6296582513
6296578033
6296938523
6296934026
6297286478
6297281894
6297626052
6297621008
6297978156
6297973205
6298338633
6298334092
6298678204
6298673153
6299021805
6299016583
6299364900
6299358905
6299704866
6299698894
6300042292
6300037602
6300390216
6300385387
6300738507
6300733808
6301082532
6301077747
6301426552
6301422004
6301778536
6301773744
6302134354
6302129225
6302474351
6302469637
6302841516
6302836120
6303190424
6303185446
6303534599
6303529944
6303874355
6303869660
6304214492
6304209763
6304554529
6304549552
6304898330
6304893558
6305254446
6305249690
6305606514
6305602073
6305958392
6305953560
6306294469
6306289578
6306634505
6306629805
6306998222
6306993480
6307357169
6307351486
6307718585
6307713930
6308070628
6308066060
6308422517
6308417880
6308762368
6308757184
6309150468
6309145894
6309490472
6309485414
6309838587
6309834121
6310194522
6310190119
6310553467
6310547727
6310898608
6310893787
6311254527
6311249811
6311598426
6311593951
6311962572
6311957574
6312310643
6312306373
6312658562
6312654082
6313010081
6313005026
6313362541
6313357919
6313713566
6313708206
6314058620
6314053892
6314398614
6314393807
6314748967
6314743035
6315110341
6315105600
6315462048
6315457140
6315794519
6315789960
6316166471
6316161845
6316526532
6316521479
6316874335
6316869664
6317222576
6317218076
6317570362
6317565721
6317910408
6317905206
6318250344
6318245325
6318590698
6318585490
6318942747
6318937681
6319302618
6319298066
6319654605
6319649875
6319996930
6319991012
6320353931
6320348796
6320702395
6320697150
6321046693
6321041903
6321387108
6321382329
6321738599
6321734024
6322078600
6322074060
6322426523
6322421922
6322775277
6322769809
6323110287
6323105212
6323450540
6323446007
6323798546
6323794056
6324142541
6324138001
6324486408
6324481317
6324830354
6324825831
6325194311
6325189417
6325538346
6325533099
6325874391
6325869688
6326222530
6326218270
6326578492
6326573870
6326926398
6326921536
6327286612
6327282128
6327626636
6327621878
6327997930
6327992854
6328334339
6328329338
6328682802
6328678747
6329029527
6329024150
6329402348
6329397543
6329750666
6329746028
6330094629
6330090372
6330438498
6330434111
6330798366
6330793037
6331134486
6331129894
6331498344
6331493609
6331842402
6331837809
6332193335
6332187751
6332534343
6332529670
6332878545
6332873501
6333225958
6333221516
6333574478
6333569985
6333926398
6333921458
6334278171
6334273188
6334646426
6334641592
6334986269
6334981187
6335325799
6335320577
6335690562
6335686090
6336030518
6336025769
6336378946
6336374270
6336722547
6336717938
6337066183
6337061263
6337418282
6337413615
6337766540
6337761847
6338114368
6338109611
6338464983
6338459285
6338830459
6338825346
6339166307
6339161485
6339522581
6339517941
6339870664
6339865914
6340214598
6340209460
6340566367
6340561058
6340918646
6340914121
6341266498
6341261732
6341617403
6341611814
6341962570
6341957801
6342306609
6342301947
6342646263
6342640921
6342990498
6342985800
6343378461
6343373931
6343718150
6343713204
6344070194
6344064960
6344418307
6344413015
6344762510
6344757768
6345110091
6345105174
6345442461
6345437969
6345800935
6345795029
6346138601
6346134139
6346494575
6346489867
6346842586
6346837508
6347190634
6347185807
6347538597
6347533986
6347882546
6347878036
6348250754
6348245393
6348586114
6348581376
6348930252
6348925522
6349286548
6349282059
6349634564
6349629956
6349998548
6349994044
6350346798
6350342300
6350713893
6350708763
6351048937
6351042994
6351391183
6351386708
6351734528
6351729762
6352089900
6352084867
6352426504
6352421737
6352774144
6352769171
6353118295
6353113522
6353466462
6353461812
6353810586
6353805955
6354154599
6354150038
6354498149
6354493210
6354850535
6354845866
6355194429
6355189930
6355538550
6355533998
6355889966
6355884919
6356232877
6356226973
6356578510
6356573685
6356930506
6356925750
6357298616
6357293690
6357654563
6357649955
6358006156
6358001069
6358370511
6358365874
6358726560
6358722008
6359062500
6359058006
6359414138
6359408878
6359754256
6359749212
6360102563
6360097889
6360442552
6360438166
6360794743
6360790364
6361138491
6361134012
6361492948
6361487017
6361845696
6361840475
6362194515
6362190045
6362534632
6362529970
6362894644
6362890019
6363234353
6363229638
6363578586
6363573820
6363926588
6363922044
6364270590
6364265980
6364634450
6364629880
6364974473
6364969387
6365322596
6365318186
6365678522
6365674062
6366018535
6366014116
6366377620
6366372083
6366718493
6366713875
6367082485
6367077809
6367418081
6367412995
6367754482
6367749904
6368106526
6368101778
6368462283
6368457474
6368814494
6368809866
6369178403
6369173626
6369518382
6369513641
6369858327
6369853565
6370202590
6370197991
6370542565
6370537990
6370898339
6370893636
6371254232
6371249219
6371614667
6371610172
6371962325
6371957572
6372314321
6372309572
6372662350
6372657306
6373010369
6373005736
6373354684
6373350115
6373693651
6373688456
6374054537
6374049960
6374422356
6374417660
6374762536
6374758029
6375110431
6375105391
6375458368
6375453589
6375802548
6375797969
6376154555
6376149882
6376498518
6376493581
6376838528
6376833864
6377193493
6377188024
6377542583
6377538053
6377902519
6377897510
6378257836
6378252652
6378597466
6378591991
6378946192
6378941277
6379302496
6379298148
6379678548
6379674111
6380022630
6380018245
6380378597
6380374284
6380725988
6380720951
6381082361
6381077308
6381425812
6381420480
6381777491
6381772102
6382122562
6382117481
6382470486
6382465525
6382822271
6382817063
6383154186
6383149146
6383498111
6383492953
6383870565
6383865939
6384226331
6384221288
6384566219
6384561164
6384918052
6384912959
6385270445
6385265780
6385626350
6385621519
6385998629
6385993450
6386346168
6386341347
6386690259
6386684970
6387034381
6387029497
6387393575
6387388194
6387734552
6387729916
6388105433
6388099987
6388454373
6388449658
6388798583
6388794081
6389142280
6389137356
6389486351
6389481783
6389832932
6389827037
6390178486
6390173950
6390534328
6390529326
6390882533
6390877982
6391225423
6391219953
6391598532
6391593583
6391942178
6391937277
6392298593
6392293868
6392646552
6392641874
6392998077
6392993047
6393354412
6393349648
6393706489
6393701943
6394041768
6394036502
6394390665
6394386071
6394734355
6394729316
6395082428
6395077783
6395433661
6395428335
6395786330
6395781611
6396130485
6396125851
6396490872
6396485953
6396846513
6396841946
6397202523
6397197389
6397554259
6397549614
6397910383
6397905396
6398257884
6398252728
6398601978
6398596932
6398950173
6398944934
6399298507
6399293955
6399646270
6399641177
6400005996
6400000928
6400710608
6400705862
6401058597
6401053529
6401412868
6401406918
6401758487
6401753912
6402130136
6402125179
6402482476
6402477948
6402830406
6402825828
6403174641
6403170155
6403513496
6403508080
6403861739
6403856519
6404214537
6404209857
6404562333
6404557675
6404906384
6404901705
6405266524
6405261972
6405614010
6405608981
6405961372
6405955860
6406314286
6406309558
6406660933
6406655148
6407010458
6407005318
6407358702
6407354201
6407710608
6407706216
6408074684
6408070251
6408422621
6408418155
6408774363
6408769630
6409126568
6409121766
6409462331
6409457605
6409826150
6409821220
6410178553
6410173541
6410526498
6410521791
6410874497
6410869733
6411230537
6411225921
6411590397
6411585437
6411934519
6411930015
6412274643
6412269737
6412610638
6412606112
6412954553
6412950018
6413318644
6413313996
6413674525
6413669550
6414026405
6414021771
6414369845
6414364397
6414722231
6414716981
6415085435
6415080044
6415430542
6415425441
6415770527
6415765842
6416122521
6416117909
6416474463
6416469739
6416810552
6416806042
6417166331
6417161372
6417522570
6417518068
6417858013
6417852861
6418206380
6418201232
6418562520
6418558015
6418930396
6418925824
6419278292
6419273004
6419626113
6419620885
6419970362
6419965782
6420334738
6420330313
6420686648
6420682209
6421042126
6421037112
6421410623
6421406099
6421742626
6421738129
6422093664
6422088345
6422462070
6422457034
6422802513
6422797887
6423158587
6423153860
6423494146
6423489186
6423842508
6423837967
6424189870
6424184692
6424530586
6424525985
6424882290
6424877518
6425229920
6425224752
6425586469
6425581930
6425949698
6425944378
6426286563
6426281767
6426646977
6426642581
6426993893
6426988799
6427346328
6427341656
6427702576
6427698142
6428046531
6428041707
