2383388726
2383389472
2383769346
2383770817
2384113195
2384114586
2384453396
2384454903
2384809171
2384810029
2385163809
2385163923
2385505102
2385505874
2385861200
2385862502
2386205292
2386206157
2386549107
2386550573
2386904998
2386905976
2387252081
2387252425
2387609224
2387610245
2387945382
2387946828
2388296119
2388296528
2388653448
2388654817
2389000855
2389001828
2389341220
2389342470
2389701531
2389702529
2390048897
2390049940
2390397551
2390398834
2390741428
2390742790
2391101312
2391102478
2391449162
2391450310
2391805494
2391806941
2392144998
2392146402
2392497373
2392498623
2392841257
2392842523
2393185273
2393186600
2393545428
2393546805
2393888887
2393890057
2394249399
2394250859
2394617267
2394618523
2394953795
2394954852
2395297438
2395298764
2395653435
2395654687
2396009607
2396010908
2396349167
2396350251
2396705188
2396706414
2397049140
2397050389
2397397120
2397398370
2397753410
2397754834
2398101562
2398102950
2398445434
2398446828
2398793118
2398794149
2399149264
2399150498
2399512122
2399512450
2399865499
2399866918
2400212919
2400213911
2400565049
2400566227
2400912315
2400912861
2401268258
2401268624
2401633680
2401635298
2401985331
2401985991
2402341258
2402342326
2402676224
2402676696
2403037404
2403038850
2403393527
2403394924
2403753270
2403754460
2404105174
2404106329
2404460933
2404461939
2404805118
2404805968
2405153215
2405154614
2405497437
2405499046
2405841275
2405842537
2406185277
2406186416
2406557219
2406558547
2406905153
2406906063
2407281604
2407283108
2407633082
2407633763
2407973527
2407974759
2408341106
2408342200
2408681363
2408682341
2409041268
2409042099
2409393451
2409394706
2409741030
2409742081
2410089407
2410090818
2410437380
2410438659
2410781422
2410782748
2411120860
2411121929
2411461022
2411461884
2411812698
2411813578
2412161384
2412162915
2412512929
2412513809
2412873283
2412874079
2413213303
2413214930
2413577374
2413579220
2413924658
2413925538
2414257134
2414258622
2414601187
2414602395
2414961183
2414962438
2415309009
2415309947
2415657193
2415657702
2415993241
2415994677
2416353327
2416354588
2416701808
2416702873
2417053155
2417054346
2417405238
2417406709
2417769368
2417770687
2418104598
2418105409
