0
0
2211617537
2211618718
0
0
2211965349
2211966773
0
0
2212308451
2212309124
0
0
2212669241
2212670523
0
0
2213004693
2213005528
0
0
2213353349
2213354343
0
0
2213705456
2213706931
0
0
2214043799
2214043904
0
0
2214387960
2214388124
0
0
2214736724
2214737839
0
0
2215105111
2215105930
0
0
2215461246
2215461947
0
0
2215817058
2215818084
0
0
2216172914
2216174032
0
0
2216521281
2216522180
0
0
2216876221
2216876678
2217232946
2217234014
0
0
0
0
2217577259
2217577979
0
0
2217917609
2217918863
0
0
2218273028
2218274064
0
0
2218625190
2218626374
0
0
2218981284
2218982556
0
0
2219345402
2219346659
0
0
2219683777
2219684010
0
0
2220025089
2220025936
0
0
2220381161
2220382156
0
0
2220725039
2220725994
0
0
2221077200
2221078538
0
0
2221437225
2221438415
0
0
2221785495
2221786886
0
0
2222133476
2222134712
0
0
2222477382
2222478802
0
0
2222828456
2222829049
0
0
2223197188
2223197973
0
0
2223537452
2223539005
0
0
2223877121
2223878235
0
0
2224221362
2224222837
0
0
2224585223
2224586548
0
0
2224925056
2224926175
0
0
2225280007
2225280057
0
0
2225628993
2225630098
0
0
2225997278
2225998660
0
0
2226344844
2226345774
0
0
2226689278
2226690599
0
0
2227029522
2227030702
0
0
2227393383
2227394868
0
0
2227733238
2227734581
0
0
2228085421
2228086987
0
0
2228429393
2228430697
0
0
2228773426
2228774506
0
0
2229113401
2229114858
0
0
2229465484
2229466811
0
0
2229817295
2229818709
0
0
2230157154
2230158550
0
0
2230505566
2230506431
0
0
2230857151
2230858418
0
0
2231208958
2231210097
0
0
2231548960
2231550090
0
0
2231901030
2231902102
0
0
2232261330
2232262399
0
0
2232620985
2232621700
0
0
2232961231
2232962187
0
0
2233313401
2233314985
0
0
2233656952
2233658071
0
0
2234009240
2234010712
0
0
2234361401
2234362848
0
0
2234701371
2234702674
0
0
2235053370
2235054783
0
0
2235397209
2235398211
0
0
2235741006
2235742089
0
0
2236100099
2236100514
0
0
2236448789
2236449636
0
0
2236825159
2236825920
0
0
2237173533
2237174738
0
0
2237521202
2237522154
0
0
2237881401
2237882644
0
0
2238221360
2238222778
0
0
2238581155
2238582470
0
0
2238924904
2238925705
0
0
2239296957
2239297597
0
0
2239637401
2239638790
0
0
2239977175
2239978364
0
0
2240329108
2240330338
2240677127
2240678245
0
0
0
0
2241041505
2241042472
0
0
2241404020
2241404362
0
0
2241757258
2241758910
0
0
2242103858
2242104828
0
0
2242457333
2242458859
0
0
2242801342
2242802869
0
0
2243160611
2243161723
0
0
2243517201
2243518451
0
0
2243865247
2243866377
2244221530
2244222960
0
0
0
0
2244577371
2244578738
0
0
2244921357
2244922072
2245256763
2245257572
0
0
0
0
2245621122
2245622221
0
0
2245952957
2245954049
0
0
2246319756
2246319811
